0.00000	288.150	1.22500	340.294
0.100000	287.500	1.21328	339.910
0.200000	286.850	1.20165	339.526
0.300000	286.200	1.19011	339.141
0.400000	285.550	1.17864	338.755
0.500000	284.900	1.16727	338.370
0.600000	284.250	1.15598	337.983
0.700000	283.600	1.14477	337.597
0.800000	282.950	1.13364	337.210
0.900000	282.300	1.12260	336.822
1.00000	281.650	1.11164	336.434
1.10000	281.000	1.10077	336.046
1.20000	280.350	1.08997	335.657
1.30000	279.700	1.07925	335.267
1.40000	279.050	1.06862	334.878
1.50000	278.400	1.05807	334.487
1.60000	277.750	1.04759	334.097
1.70000	277.100	1.03720	333.705
1.80000	276.450	1.02688	333.314
1.90000	275.800	1.01665	332.922
2.00000	275.150	1.00649	332.529
2.10000	274.500	0.996410	332.136
2.20000	273.850	0.986407	331.743
2.30000	273.200	0.976481	331.349
2.40000	272.550	0.966632	330.954
2.50000	271.900	0.956859	330.560
2.60000	271.250	0.947162	330.164
2.70000	270.600	0.937540	329.768
2.80000	269.950	0.927993	329.372
2.90000	269.300	0.918520	328.975
3.00000	268.650	0.909122	328.578
3.10000	268.000	0.899798	328.180
3.20000	267.350	0.890546	327.782
3.30000	266.700	0.881368	327.383
3.40000	266.050	0.872262	326.984
3.50000	265.400	0.863229	326.584
3.60000	264.750	0.854267	326.184
3.70000	264.100	0.845377	325.784
3.80000	263.450	0.836557	325.382
3.90000	262.800	0.827808	324.981
4.00000	262.150	0.819129	324.579
4.10000	261.500	0.810520	324.176
4.20000	260.850	0.801981	323.773
4.30000	260.200	0.793510	323.369
4.40000	259.550	0.785108	322.965
4.50000	258.900	0.776775	322.560
4.60000	258.250	0.768509	322.155
4.70000	257.600	0.760310	321.750
4.80000	256.950	0.752179	321.343
4.90000	256.300	0.744114	320.937
5.00000	255.650	0.736116	320.529
5.10000	255.000	0.728183	320.122
5.20000	254.350	0.720317	319.713
5.30000	253.700	0.712515	319.305
5.40000	253.050	0.704778	318.895
5.50000	252.400	0.697106	318.486
5.60000	251.750	0.689497	318.075
5.70000	251.100	0.681953	317.664
5.80000	250.450	0.674471	317.253
5.90000	249.800	0.667053	316.841
6.00000	249.150	0.659697	316.428
6.10000	248.500	0.652404	316.015
6.20000	247.850	0.645172	315.602
6.30000	247.200	0.638002	315.188
6.40000	246.550	0.630892	314.773
6.50000	245.900	0.623844	314.358
6.60000	245.250	0.616856	313.942
6.70000	244.600	0.609928	313.526
6.80000	243.950	0.603060	313.109
6.90000	243.300	0.596251	312.692
7.00000	242.650	0.589501	312.274
7.10000	242.000	0.582810	311.855
7.20000	241.350	0.576177	311.436
7.30000	240.700	0.569602	311.016
7.40000	240.050	0.563084	310.596
7.50000	239.400	0.556624	310.175
7.60000	238.750	0.550220	309.754
7.70000	238.100	0.543873	309.332
7.80000	237.450	0.537582	308.909
7.90000	236.800	0.531347	308.486
8.00000	236.150	0.525168	308.063
8.10000	235.500	0.519043	307.638
8.20000	234.850	0.512973	307.214
8.30000	234.200	0.506958	306.788
8.40000	233.550	0.500997	306.362
8.50000	232.900	0.495090	305.935
8.60000	232.250	0.489236	305.508
8.70000	231.600	0.483435	305.080
8.80000	230.950	0.477687	304.652
8.90000	230.300	0.471992	304.223
9.00000	229.650	0.466348	303.793
9.10000	229.000	0.460756	303.363
9.20000	228.350	0.455216	302.932
9.30000	227.700	0.449727	302.501
9.40000	227.050	0.444289	302.069
9.50000	226.400	0.438901	301.636
9.60000	225.750	0.433563	301.203
9.70000	225.100	0.428275	300.769
9.80000	224.450	0.423036	300.334
9.90000	223.800	0.417847	299.899
10.0000	223.150	0.412707	299.463
10.1000	222.500	0.407615	299.027
10.2000	221.850	0.402571	298.590
10.3000	221.200	0.397575	298.152
10.4000	220.550	0.392627	297.714
10.5000	219.900	0.387725	297.275
10.6000	219.250	0.382871	296.835
10.7000	218.600	0.378064	296.395
10.8000	217.950	0.373303	295.954
10.9000	217.300	0.368588	295.512
11.0000	216.650	0.363918	295.070
11.1000	216.650	0.358224	295.070
11.2000	216.650	0.352620	295.070
11.3000	216.650	0.347103	295.070
11.4000	216.650	0.341673	295.070
11.5000	216.650	0.336327	295.070
11.6000	216.650	0.331065	295.070
11.7000	216.650	0.325886	295.070
11.8000	216.650	0.320787	295.070
11.9000	216.650	0.315768	295.070
12.0000	216.650	0.310828	295.070
12.1000	216.650	0.305965	295.070
12.2000	216.650	0.301178	295.070
12.3000	216.650	0.296466	295.070
12.4000	216.650	0.291828	295.070
12.5000	216.650	0.287262	295.070
12.6000	216.650	0.282768	295.070
12.7000	216.650	0.278344	295.070
12.8000	216.650	0.273989	295.070
12.9000	216.650	0.269703	295.070
13.0000	216.650	0.265483	295.070
13.1000	216.650	0.261330	295.070
13.2000	216.650	0.257241	295.070
13.3000	216.650	0.253217	295.070
13.4000	216.650	0.249255	295.070
13.5000	216.650	0.245355	295.070
13.6000	216.650	0.241517	295.070
13.7000	216.650	0.237738	295.070
13.8000	216.650	0.234019	295.070
13.9000	216.650	0.230357	295.070
14.0000	216.650	0.226753	295.070
14.1000	216.650	0.223206	295.070
14.2000	216.650	0.219714	295.070
14.3000	216.650	0.216276	295.070
14.4000	216.650	0.212893	295.070
14.5000	216.650	0.209562	295.070
14.6000	216.650	0.206283	295.070
14.7000	216.650	0.203056	295.070
14.8000	216.650	0.199879	295.070
14.9000	216.650	0.196752	295.070
15.0000	216.650	0.193674	295.070
15.1000	216.650	0.190644	295.070
15.2000	216.650	0.187661	295.070
15.3000	216.650	0.184725	295.070
15.4000	216.650	0.181835	295.070
15.5000	216.650	0.178990	295.070
15.6000	216.650	0.176190	295.070
15.7000	216.650	0.173433	295.070
15.8000	216.650	0.170720	295.070
15.9000	216.650	0.168049	295.070
16.0000	216.650	0.165420	295.070
16.1000	216.650	0.162832	295.070
16.2000	216.650	0.160284	295.070
16.3000	216.650	0.157777	295.070
16.4000	216.650	0.155308	295.070
16.5000	216.650	0.152878	295.070
16.6000	216.650	0.150487	295.070
16.7000	216.650	0.148132	295.070
16.8000	216.650	0.145815	295.070
16.9000	216.650	0.143533	295.070
17.0000	216.650	0.141288	295.070
17.1000	216.650	0.139077	295.070
17.2000	216.650	0.136901	295.070
17.3000	216.650	0.134759	295.070
17.4000	216.650	0.132651	295.070
17.5000	216.650	0.130576	295.070
17.6000	216.650	0.128533	295.070
17.7000	216.650	0.126522	295.070
17.8000	216.650	0.124543	295.070
17.9000	216.650	0.122594	295.070
18.0000	216.650	0.120676	295.070
18.1000	216.650	0.118788	295.070
18.2000	216.650	0.116930	295.070
18.3000	216.650	0.115100	295.070
18.4000	216.650	0.113299	295.070
18.5000	216.650	0.111527	295.070
18.6000	216.650	0.109782	295.070
18.7000	216.650	0.108064	295.070
18.8000	216.650	0.106374	295.070
18.9000	216.650	0.104710	295.070
19.0000	216.650	0.103071	295.070
19.1000	216.650	0.101459	295.070
19.2000	216.650	0.0998714	295.070
19.3000	216.650	0.0983089	295.070
19.4000	216.650	0.0967709	295.070
19.5000	216.650	0.0952569	295.070
19.6000	216.650	0.0937666	295.070
19.7000	216.650	0.0922996	295.070
19.8000	216.650	0.0908555	295.070
19.9000	216.650	0.0894341	295.070
20.0000	216.650	0.0880349	295.070
20.1000	216.750	0.0866179	295.138
20.2000	216.850	0.0852243	295.206
20.3000	216.950	0.0838538	295.274
20.4000	217.050	0.0825060	295.342
20.5000	217.150	0.0811804	295.410
20.6000	217.250	0.0798768	295.478
20.7000	217.350	0.0785946	295.546
20.8000	217.450	0.0773336	295.614
20.9000	217.550	0.0760934	295.682
21.0000	217.650	0.0748737	295.750
21.1000	217.750	0.0736740	295.818
21.2000	217.850	0.0724941	295.886
21.3000	217.950	0.0713336	295.954
21.4000	218.050	0.0701923	296.021
21.5000	218.150	0.0690697	296.089
21.6000	218.250	0.0679655	296.157
21.7000	218.350	0.0668795	296.225
21.8000	218.450	0.0658114	296.293
21.9000	218.550	0.0647607	296.361
22.0000	218.650	0.0637273	296.428
22.1000	218.750	0.0627109	296.496
22.2000	218.850	0.0617111	296.564
22.3000	218.950	0.0607278	296.632
22.4000	219.050	0.0597605	296.699
22.5000	219.150	0.0588091	296.767
22.6000	219.250	0.0578732	296.835
22.7000	219.350	0.0569526	296.903
22.8000	219.450	0.0560471	296.970
22.9000	219.550	0.0551564	297.038
23.0000	219.650	0.0542803	297.105
23.1000	219.750	0.0534184	297.173
23.2000	219.850	0.0525706	297.241
23.3000	219.950	0.0517367	297.308
23.4000	220.050	0.0509164	297.376
23.5000	220.150	0.0501094	297.443
23.6000	220.250	0.0493155	297.511
23.7000	220.350	0.0485346	297.579
23.8000	220.450	0.0477665	297.646
23.9000	220.550	0.0470108	297.714
24.0000	220.650	0.0462674	297.781
24.1000	220.750	0.0455360	297.849
24.2000	220.850	0.0448166	297.916
24.3000	220.950	0.0441089	297.983
24.4000	221.050	0.0434126	298.051
24.5000	221.150	0.0427276	298.118
24.6000	221.250	0.0420538	298.186
24.7000	221.350	0.0413909	298.253
24.8000	221.450	0.0407387	298.320
24.9000	221.550	0.0400971	298.388
25.0000	221.650	0.0394658	298.455
25.1000	221.750	0.0388448	298.522
25.2000	221.850	0.0382338	298.590
25.3000	221.950	0.0376327	298.657
25.4000	222.050	0.0370414	298.724
25.5000	222.150	0.0364595	298.791
25.6000	222.250	0.0358871	298.859
25.7000	222.350	0.0353239	298.926
25.8000	222.450	0.0347698	298.993
25.9000	222.550	0.0342246	299.060
26.0000	222.650	0.0336882	299.128
26.1000	222.750	0.0331605	299.195
26.2000	222.850	0.0326413	299.262
26.3000	222.950	0.0321304	299.329
26.4000	223.050	0.0316277	299.396
26.5000	223.150	0.0311331	299.463
26.6000	223.250	0.0306465	299.530
26.7000	223.350	0.0301677	299.597
26.8000	223.450	0.0296966	299.664
26.9000	223.550	0.0292330	299.732
27.0000	223.650	0.0287769	299.799
27.1000	223.750	0.0283281	299.866
27.2000	223.850	0.0278865	299.933
27.3000	223.950	0.0274519	300.000
27.4000	224.050	0.0270244	300.067
27.5000	224.150	0.0266036	300.133
27.6000	224.250	0.0261896	300.200
27.7000	224.350	0.0257823	300.267
27.8000	224.450	0.0253814	300.334
27.9000	224.550	0.0249870	300.401
28.0000	224.650	0.0245988	300.468
28.1000	224.750	0.0242169	300.535
28.2000	224.850	0.0238410	300.602
28.3000	224.950	0.0234712	300.669
28.4000	225.050	0.0231072	300.735
28.5000	225.150	0.0227490	300.802
28.6000	225.250	0.0223966	300.869
28.7000	225.350	0.0220498	300.936
28.8000	225.450	0.0217084	301.003
28.9000	225.550	0.0213726	301.069
29.0000	225.650	0.0210420	301.136
29.1000	225.750	0.0207167	301.203
29.2000	225.850	0.0203966	301.269
29.3000	225.950	0.0200816	301.336
29.4000	226.050	0.0197716	301.403
29.5000	226.150	0.0194664	301.469
29.6000	226.250	0.0191662	301.536
29.7000	226.350	0.0188707	301.603
29.8000	226.450	0.0185798	301.669
29.9000	226.550	0.0182936	301.736
30.0000	226.650	0.0180119	301.803
30.1000	226.750	0.0177347	301.869
30.2000	226.850	0.0174619	301.936
30.3000	226.950	0.0171934	302.002
30.4000	227.050	0.0169291	302.069
30.5000	227.150	0.0166690	302.135
30.6000	227.250	0.0164130	302.202
30.7000	227.350	0.0161610	302.268
30.8000	227.450	0.0159130	302.335
30.9000	227.550	0.0156690	302.401
31.0000	227.650	0.0154288	302.468
31.1000	227.750	0.0151923	302.534
31.2000	227.850	0.0149596	302.600
31.3000	227.950	0.0147306	302.667
31.4000	228.050	0.0145051	302.733
31.5000	228.150	0.0142832	302.800
31.6000	228.250	0.0140648	302.866
31.7000	228.350	0.0138499	302.932
31.8000	228.450	0.0136383	302.999
31.9000	228.550	0.0134300	303.065
32.0000	228.650	0.0132250	303.131
32.1000	228.930	0.0130131	303.317
32.2000	229.210	0.0128048	303.502
32.3000	229.490	0.0126001	303.688
32.4000	229.770	0.0123989	303.873
32.5000	230.050	0.0122011	304.058
32.6000	230.330	0.0120068	304.243
32.7000	230.610	0.0118157	304.428
32.8000	230.890	0.0116280	304.612
32.9000	231.170	0.0114434	304.797
33.0000	231.450	0.0112620	304.982
33.1000	231.730	0.0110837	305.166
33.2000	232.010	0.0109084	305.350
33.3000	232.290	0.0107361	305.535
33.4000	232.570	0.0105667	305.719
33.5000	232.850	0.0104002	305.903
33.6000	233.130	0.0102365	306.086
33.7000	233.410	0.0100756	306.270
33.8000	233.690	0.00991734	306.454
33.9000	233.970	0.00976181	306.637
34.0000	234.250	0.00960889	306.821
34.1000	234.530	0.00945855	307.004
34.2000	234.810	0.00931073	307.187
34.3000	235.090	0.00916540	307.370
34.4000	235.370	0.00902250	307.553
34.5000	235.650	0.00888200	307.736
34.6000	235.930	0.00874385	307.919
34.7000	236.210	0.00860800	308.102
34.8000	236.490	0.00847443	308.284
34.9000	236.770	0.00834308	308.467
35.0000	237.050	0.00821392	308.649
35.1000	237.330	0.00808691	308.831
35.2000	237.610	0.00796201	309.013
35.3000	237.890	0.00783918	309.195
35.4000	238.170	0.00771839	309.377
35.5000	238.450	0.00759959	309.559
35.6000	238.730	0.00748277	309.741
35.7000	239.010	0.00736787	309.922
35.8000	239.290	0.00725486	310.104
35.9000	239.570	0.00714372	310.285
36.0000	239.850	0.00703441	310.467
36.1000	240.130	0.00692690	310.648
36.2000	240.410	0.00682115	310.829
36.3000	240.690	0.00671714	311.010
36.4000	240.970	0.00661483	311.191
36.5000	241.250	0.00651419	311.371
36.6000	241.530	0.00641520	311.552
36.7000	241.810	0.00631783	311.733
36.8000	242.090	0.00622205	311.913
36.9000	242.370	0.00612782	312.093
37.0000	242.650	0.00603513	312.274
37.1000	242.930	0.00594394	312.454
37.2000	243.210	0.00585424	312.634
37.3000	243.490	0.00576599	312.814
37.4000	243.770	0.00567917	312.993
37.5000	244.050	0.00559375	313.173
37.6000	244.330	0.00550972	313.353
37.7000	244.610	0.00542704	313.532
37.8000	244.890	0.00534569	313.712
37.9000	245.170	0.00526566	313.891
38.0000	245.450	0.00518691	314.070
38.1000	245.730	0.00510943	314.249
38.2000	246.010	0.00503319	314.428
38.3000	246.290	0.00495817	314.607
38.4000	246.570	0.00488436	314.786
38.5000	246.850	0.00481172	314.965
38.6000	247.130	0.00474025	315.143
38.7000	247.410	0.00466992	315.322
38.8000	247.690	0.00460071	315.500
38.9000	247.970	0.00453260	315.678
39.0000	248.250	0.00446557	315.856
39.1000	248.530	0.00439961	316.034
39.2000	248.810	0.00433470	316.212
39.3000	249.090	0.00427081	316.390
39.4000	249.370	0.00420794	316.568
39.5000	249.650	0.00414606	316.746
39.6000	249.930	0.00408516	316.923
39.7000	250.210	0.00402522	317.101
39.8000	250.490	0.00396623	317.278
39.9000	250.770	0.00390816	317.455
40.0000	251.050	0.00385101	317.633
40.1000	251.330	0.00379476	317.810
40.2000	251.610	0.00373939	317.987
40.3000	251.890	0.00368488	318.164
40.4000	252.170	0.00363123	318.340
40.5000	252.450	0.00357842	318.517
40.6000	252.730	0.00352644	318.694
40.7000	253.010	0.00347527	318.870
40.8000	253.290	0.00342489	319.047
40.9000	253.570	0.00337530	319.223
41.0000	253.850	0.00332648	319.399
41.1000	254.130	0.00327842	319.575
41.2000	254.410	0.00323111	319.751
41.3000	254.690	0.00318453	319.927
41.4000	254.970	0.00313867	320.103
41.5000	255.250	0.00309352	320.279
41.6000	255.530	0.00304907	320.454
41.7000	255.810	0.00300531	320.630
41.8000	256.090	0.00296222	320.805
41.9000	256.370	0.00291979	320.981
42.0000	256.650	0.00287802	321.156
42.1000	256.930	0.00283689	321.331
42.2000	257.210	0.00279639	321.506
42.3000	257.490	0.00275651	321.681
42.4000	257.770	0.00271725	321.856
42.5000	258.050	0.00267858	322.030
42.6000	258.330	0.00264051	322.205
42.7000	258.610	0.00260302	322.380
42.8000	258.890	0.00256609	322.554
42.9000	259.170	0.00252974	322.729
43.0000	259.450	0.00249393	322.903
43.1000	259.730	0.00245867	323.077
43.2000	260.010	0.00242395	323.251
43.3000	260.290	0.00238975	323.425
43.4000	260.570	0.00235607	323.599
43.5000	260.850	0.00232291	323.773
43.6000	261.130	0.00229024	323.947
43.7000	261.410	0.00225807	324.120
43.8000	261.690	0.00222638	324.294
43.9000	261.970	0.00219517	324.467
44.0000	262.250	0.00216443	324.641
44.1000	262.530	0.00213415	324.814
44.2000	262.810	0.00210433	324.987
44.3000	263.090	0.00207496	325.160
44.4000	263.370	0.00204602	325.333
44.5000	263.650	0.00201752	325.506
44.6000	263.930	0.00198945	325.679
44.7000	264.210	0.00196180	325.851
44.8000	264.490	0.00193456	326.024
44.9000	264.770	0.00190772	326.197
45.0000	265.050	0.00188129	326.369
45.1000	265.330	0.00185525	326.541
45.2000	265.610	0.00182960	326.714
45.3000	265.890	0.00180432	326.886
45.4000	266.170	0.00177943	327.058
45.5000	266.450	0.00175490	327.230
45.6000	266.730	0.00173074	327.402
45.7000	267.010	0.00170693	327.574
45.8000	267.290	0.00168348	327.745
45.9000	267.570	0.00166037	327.917
46.0000	267.850	0.00163760	328.088
46.1000	268.130	0.00161517	328.260
46.2000	268.410	0.00159307	328.431
46.3000	268.690	0.00157129	328.602
46.4000	268.970	0.00154983	328.774
46.5000	269.250	0.00152869	328.945
46.6000	269.530	0.00150786	329.116
46.7000	269.810	0.00148733	329.287
46.8000	270.090	0.00146710	329.457
46.9000	270.370	0.00144717	329.628
47.0000	270.650	0.00142753	329.799
47.1000	270.650	0.00140963	329.799
47.2000	270.650	0.00139195	329.799
47.3000	270.650	0.00137449	329.799
47.4000	270.650	0.00135725	329.799
47.5000	270.650	0.00134022	329.799
47.6000	270.650	0.00132341	329.799
47.7000	270.650	0.00130681	329.799
47.8000	270.650	0.00129042	329.799
47.9000	270.650	0.00127423	329.799
48.0000	270.650	0.00125825	329.799
48.1000	270.650	0.00124247	329.799
48.2000	270.650	0.00122688	329.799
48.3000	270.650	0.00121149	329.799
48.4000	270.650	0.00119630	329.799
48.5000	270.650	0.00118129	329.799
48.6000	270.650	0.00116647	329.799
48.7000	270.650	0.00115184	329.799
48.8000	270.650	0.00113739	329.799
48.9000	270.650	0.00112313	329.799
49.0000	270.650	0.00110904	329.799
49.1000	270.650	0.00109513	329.799
49.2000	270.650	0.00108139	329.799
49.3000	270.650	0.00106783	329.799
49.4000	270.650	0.00105443	329.799
49.5000	270.650	0.00104121	329.799
49.6000	270.650	0.00102815	329.799
49.7000	270.650	0.00101525	329.799
49.8000	270.650	0.00100252	329.799
49.9000	270.650	0.000989942	329.799
50.0000	270.650	0.000977525	329.799
50.1000	270.650	0.000965264	329.799
50.2000	270.650	0.000953156	329.799
50.3000	270.650	0.000941200	329.799
50.4000	270.650	0.000929395	329.799
50.5000	270.650	0.000917737	329.799
50.6000	270.650	0.000906225	329.799
50.7000	270.650	0.000894858	329.799
50.8000	270.650	0.000883634	329.799
50.9000	270.650	0.000872550	329.799
51.0000	270.650	0.000861606	329.799
51.1000	270.370	0.000851674	329.628
51.2000	270.090	0.000841846	329.457
51.3000	269.810	0.000832122	329.287
51.4000	269.530	0.000822500	329.116
51.5000	269.250	0.000812980	328.945
51.6000	268.970	0.000803560	328.774
51.7000	268.690	0.000794240	328.602
51.8000	268.410	0.000785018	328.431
51.9000	268.130	0.000775894	328.260
52.0000	267.850	0.000766867	328.088
52.1000	267.570	0.000757935	327.917
52.2000	267.290	0.000749098	327.745
52.3000	267.010	0.000740355	327.574
52.4000	266.730	0.000731705	327.402
52.5000	266.450	0.000723147	327.230
52.6000	266.170	0.000714681	327.058
52.7000	265.890	0.000706305	326.886
52.8000	265.610	0.000698018	326.714
52.9000	265.330	0.000689820	326.541
53.0000	265.050	0.000681710	326.369
53.1000	264.770	0.000673687	326.197
53.2000	264.490	0.000665749	326.024
53.3000	264.210	0.000657897	325.851
53.4000	263.930	0.000650130	325.679
53.5000	263.650	0.000642446	325.506
53.6000	263.370	0.000634845	325.333
53.7000	263.090	0.000627326	325.160
53.8000	262.810	0.000619888	324.987
53.9000	262.530	0.000612530	324.814
54.0000	262.250	0.000605252	324.641
54.1000	261.970	0.000598053	324.467
54.2000	261.690	0.000590932	324.294
54.3000	261.410	0.000583888	324.120
54.4000	261.130	0.000576921	323.947
54.5000	260.850	0.000570030	323.773
54.6000	260.570	0.000563214	323.599
54.7000	260.290	0.000556472	323.425
54.8000	260.010	0.000549803	323.251
54.9000	259.730	0.000543208	323.077
55.0000	259.450	0.000536684	322.903
55.1000	259.170	0.000530232	322.729
55.2000	258.890	0.000523851	322.554
55.3000	258.610	0.000517539	322.380
55.4000	258.330	0.000511298	322.205
55.5000	258.050	0.000505124	322.030
55.6000	257.770	0.000499019	321.856
55.7000	257.490	0.000492981	321.681
55.8000	257.210	0.000487009	321.506
55.9000	256.930	0.000481104	321.331
56.0000	256.650	0.000475263	321.156
56.1000	256.370	0.000469488	320.981
56.2000	256.090	0.000463776	320.805
56.3000	255.810	0.000458128	320.630
56.4000	255.530	0.000452542	320.454
56.5000	255.250	0.000447019	320.279
56.6000	254.970	0.000441557	320.103
56.7000	254.690	0.000436156	319.927
56.8000	254.410	0.000430815	319.751
56.9000	254.130	0.000425534	319.575
57.0000	253.850	0.000420311	319.399
57.1000	253.570	0.000415147	319.223
57.2000	253.290	0.000410041	319.047
57.3000	253.010	0.000404993	318.870
57.4000	252.730	0.000400001	318.694
57.5000	252.450	0.000395065	318.517
57.6000	252.170	0.000390184	318.340
57.7000	251.890	0.000385359	318.164
57.8000	251.610	0.000380588	317.987
57.9000	251.330	0.000375871	317.810
58.0000	251.050	0.000371207	317.633
58.1000	250.770	0.000366596	317.455
58.2000	250.490	0.000362037	317.278
58.3000	250.210	0.000357529	317.101
58.4000	249.930	0.000353073	316.923
58.5000	249.650	0.000348668	316.746
58.6000	249.370	0.000344313	316.568
58.7000	249.090	0.000340007	316.390
58.8000	248.810	0.000335750	316.212
58.9000	248.530	0.000331542	316.034
59.0000	248.250	0.000327382	315.856
59.1000	247.970	0.000323270	315.678
59.2000	247.690	0.000319205	315.500
59.3000	247.410	0.000315186	315.322
59.4000	247.130	0.000311214	315.143
59.5000	246.850	0.000307287	314.965
59.6000	246.570	0.000303405	314.786
59.7000	246.290	0.000299568	314.607
59.8000	246.010	0.000295775	314.428
59.9000	245.730	0.000292027	314.249
60.0000	245.450	0.000288321	314.070
60.1000	245.170	0.000284658	313.891
60.2000	244.890	0.000281038	313.712
60.3000	244.610	0.000277459	313.532
60.4000	244.330	0.000273923	313.353
60.5000	244.050	0.000270427	313.173
60.6000	243.770	0.000266972	312.993
60.7000	243.490	0.000263557	312.814
60.8000	243.210	0.000260182	312.634
60.9000	242.930	0.000256847	312.454
61.0000	242.650	0.000253550	312.274
61.1000	242.370	0.000250292	312.093
61.2000	242.090	0.000247072	311.913
61.3000	241.810	0.000243890	311.733
61.4000	241.530	0.000240746	311.552
61.5000	241.250	0.000237638	311.371
61.6000	240.970	0.000234567	311.191
61.7000	240.690	0.000231532	311.010
61.8000	240.410	0.000228533	310.829
61.9000	240.130	0.000225569	310.648
62.0000	239.850	0.000222640	310.467
62.1000	239.570	0.000219746	310.285
62.2000	239.290	0.000216886	310.104
62.3000	239.010	0.000214061	309.922
62.4000	238.730	0.000211268	309.741
62.5000	238.450	0.000208509	309.559
62.6000	238.170	0.000205783	309.377
62.7000	237.890	0.000203090	309.195
62.8000	237.610	0.000200428	309.013
62.9000	237.330	0.000197798	308.831
63.0000	237.050	0.000195200	308.649
63.1000	236.770	0.000192633	308.467
63.2000	236.490	0.000190097	308.284
63.3000	236.210	0.000187591	308.102
63.4000	235.930	0.000185115	307.919
63.5000	235.650	0.000182669	307.736
63.6000	235.370	0.000180253	307.553
63.7000	235.090	0.000177865	307.370
63.8000	234.810	0.000175507	307.187
63.9000	234.530	0.000173177	307.004
64.0000	234.250	0.000170875	306.821
64.1000	233.970	0.000168601	306.637
64.2000	233.690	0.000166355	306.454
64.3000	233.410	0.000164136	306.270
64.4000	233.130	0.000161944	306.086
64.5000	232.850	0.000159778	305.903
64.6000	232.570	0.000157639	305.719
64.7000	232.290	0.000155527	305.535
64.8000	232.010	0.000153440	305.350
64.9000	231.730	0.000151378	305.166
65.0000	231.450	0.000149342	304.982
65.1000	231.170	0.000147331	304.797
65.2000	230.890	0.000145344	304.612
65.3000	230.610	0.000143382	304.428
65.4000	230.330	0.000141444	304.243
65.5000	230.050	0.000139530	304.058
65.6000	229.770	0.000137639	303.873
65.7000	229.490	0.000135772	303.688
65.8000	229.210	0.000133928	303.502
65.9000	228.930	0.000132107	303.317
66.0000	228.650	0.000130308	303.131
66.1000	228.370	0.000128532	302.946
66.2000	228.090	0.000126778	302.760
66.3000	227.810	0.000125046	302.574
66.4000	227.530	0.000123335	302.388
66.5000	227.250	0.000121645	302.202
66.6000	226.970	0.000119977	302.016
66.7000	226.690	0.000118330	301.829
66.8000	226.410	0.000116703	301.643
66.9000	226.130	0.000115096	301.456
67.0000	225.850	0.000113510	301.269
67.1000	225.570	0.000111944	301.083
67.2000	225.290	0.000110397	300.896
67.3000	225.010	0.000108870	300.709
67.4000	224.730	0.000107362	300.522
67.5000	224.450	0.000105873	300.334
67.6000	224.170	0.000104403	300.147
67.7000	223.890	0.000102952	299.959
67.8000	223.610	0.000101519	299.772
67.9000	223.330	0.000100104	299.584
68.0000	223.050	0.0000987069	299.396
68.1000	222.770	0.0000973279	299.208
68.2000	222.490	0.0000959663	299.020
68.3000	222.210	0.0000946222	298.832
68.4000	221.930	0.0000932952	298.644
68.5000	221.650	0.0000919852	298.455
68.6000	221.370	0.0000906920	298.266
68.7000	221.090	0.0000894154	298.078
68.8000	220.810	0.0000881551	297.889
68.9000	220.530	0.0000869111	297.700
69.0000	220.250	0.0000856830	297.511
69.1000	219.970	0.0000844708	297.322
69.2000	219.690	0.0000832742	297.133
69.3000	219.410	0.0000820930	296.943
69.4000	219.130	0.0000809272	296.754
69.5000	218.850	0.0000797764	296.564
69.6000	218.570	0.0000786406	296.374
69.7000	218.290	0.0000775195	296.184
69.8000	218.010	0.0000764130	295.994
69.9000	217.730	0.0000753209	295.804
70.0000	217.450	0.0000742430	295.614
70.1000	217.170	0.0000731792	295.423
70.2000	216.890	0.0000721293	295.233
70.3000	216.610	0.0000710931	295.042
70.4000	216.330	0.0000700705	294.852
70.5000	216.050	0.0000690613	294.661
70.6000	215.770	0.0000680654	294.470
70.7000	215.490	0.0000670825	294.279
70.8000	215.210	0.0000661126	294.087
70.9000	214.930	0.0000651555	293.896
71.0000	214.650	0.0000642110	293.704
71.1000	214.450	0.0000632556	293.568
71.2000	214.250	0.0000623136	293.431
71.3000	214.050	0.0000613847	293.294
71.4000	213.850	0.0000604688	293.157
71.5000	213.650	0.0000595657	293.019
71.6000	213.450	0.0000586753	292.882
71.7000	213.250	0.0000577974	292.745
71.8000	213.050	0.0000569318	292.608
71.9000	212.850	0.0000560784	292.470
72.0000	212.650	0.0000552370	292.333
72.1000	212.450	0.0000544074	292.195
72.2000	212.250	0.0000535895	292.058
72.3000	212.050	0.0000527832	291.920
72.4000	211.850	0.0000519883	291.783
72.5000	211.650	0.0000512046	291.645
72.6000	211.450	0.0000504320	291.507
72.7000	211.250	0.0000496703	291.369
72.8000	211.050	0.0000489195	291.231
72.9000	210.850	0.0000481793	291.093
73.0000	210.650	0.0000474496	290.955
73.1000	210.450	0.0000467302	290.817
73.2000	210.250	0.0000460212	290.679
73.3000	210.050	0.0000453222	290.540
73.4000	209.850	0.0000446331	290.402
73.5000	209.650	0.0000439540	290.264
73.6000	209.450	0.0000432845	290.125
73.7000	209.250	0.0000426246	289.987
73.8000	209.050	0.0000419741	289.848
73.9000	208.850	0.0000413329	289.709
74.0000	208.650	0.0000407010	289.570
74.1000	208.450	0.0000400781	289.432
74.2000	208.250	0.0000394642	289.293
74.3000	208.050	0.0000388590	289.154
74.4000	207.850	0.0000382626	289.015
74.5000	207.650	0.0000376748	288.876
74.6000	207.450	0.0000370955	288.737
74.7000	207.250	0.0000365245	288.597
74.8000	207.050	0.0000359618	288.458
74.9000	206.850	0.0000354072	288.319
75.0000	206.650	0.0000348607	288.179
75.1000	206.450	0.0000343221	288.040
75.2000	206.250	0.0000337912	287.900
75.3000	206.050	0.0000332681	287.761
75.4000	205.850	0.0000327526	287.621
75.5000	205.650	0.0000322446	287.481
75.6000	205.450	0.0000317440	287.341
75.7000	205.250	0.0000312507	287.201
75.8000	205.050	0.0000307645	287.061
75.9000	204.850	0.0000302855	286.921
76.0000	204.650	0.0000298135	286.781
76.1000	204.450	0.0000293484	286.641
76.2000	204.250	0.0000288901	286.501
76.3000	204.050	0.0000284385	286.361
76.4000	203.850	0.0000279935	286.220
76.5000	203.650	0.0000275551	286.080
76.6000	203.450	0.0000271231	285.939
76.7000	203.250	0.0000266975	285.799
76.8000	203.050	0.0000262781	285.658
76.9000	202.850	0.0000258650	285.517
77.0000	202.650	0.0000254579	285.377
77.1000	202.450	0.0000250568	285.236
77.2000	202.250	0.0000246617	285.095
77.3000	202.050	0.0000242724	284.954
77.4000	201.850	0.0000238889	284.813
77.5000	201.650	0.0000235111	284.672
77.6000	201.450	0.0000231389	284.530
77.7000	201.250	0.0000227722	284.389
77.8000	201.050	0.0000224110	284.248
77.9000	200.850	0.0000220551	284.106
78.0000	200.650	0.0000217046	283.965
78.1000	200.450	0.0000213593	283.823
78.2000	200.250	0.0000210191	283.682
78.3000	200.050	0.0000206841	283.540
78.4000	199.850	0.0000203540	283.398
78.5000	199.650	0.0000200289	283.256
78.6000	199.450	0.0000197087	283.114
78.7000	199.250	0.0000193932	282.972
78.8000	199.050	0.0000190826	282.830
78.9000	198.850	0.0000187765	282.688
79.0000	198.650	0.0000184751	282.546
79.1000	198.450	0.0000181783	282.404
79.2000	198.250	0.0000178859	282.262
79.3000	198.050	0.0000175979	282.119
79.4000	197.850	0.0000173143	281.977
79.5000	197.650	0.0000170349	281.834
79.6000	197.450	0.0000167598	281.691
79.7000	197.250	0.0000164889	281.549
79.8000	197.050	0.0000162221	281.406
79.9000	196.850	0.0000159593	281.263
80.0000	196.650	0.0000157005	281.120
80.1000	196.450	0.0000154457	280.977
80.2000	196.250	0.0000151948	280.834
80.3000	196.050	0.0000149476	280.691
80.4000	195.850	0.0000147043	280.548
80.5000	195.650	0.0000144647	280.405
80.6000	195.450	0.0000142287	280.261
80.7000	195.250	0.0000139964	280.118
80.8000	195.050	0.0000137676	279.974
80.9000	194.850	0.0000135423	279.831
81.0000	194.650	0.0000133205	279.687
81.1000	194.450	0.0000131021	279.543
81.2000	194.250	0.0000128870	279.399
81.3000	194.050	0.0000126753	279.256
81.4000	193.850	0.0000124668	279.112
81.5000	193.650	0.0000122616	278.968
81.6000	193.450	0.0000120595	278.824
81.7000	193.250	0.0000118606	278.679
81.8000	193.050	0.0000116647	278.535
81.9000	192.850	0.0000114719	278.391
82.0000	192.650	0.0000112820	278.246
82.1000	192.450	0.0000110952	278.102
82.2000	192.250	0.0000109112	277.957
82.3000	192.050	0.0000107301	277.813
82.4000	191.850	0.0000105518	277.668
82.5000	191.650	0.0000103762	277.523
82.6000	191.450	0.0000102035	277.378
82.7000	191.250	0.0000100334	277.234
82.8000	191.050	0.00000986599	277.089
82.9000	190.850	0.00000970120	276.943
83.0000	190.650	0.00000953899	276.798
83.1000	190.450	0.00000937933	276.653
83.2000	190.250	0.00000922218	276.508
83.3000	190.050	0.00000906751	276.362
83.4000	189.850	0.00000891526	276.217
83.5000	189.650	0.00000876542	276.071
83.6000	189.450	0.00000861794	275.926
83.7000	189.250	0.00000847279	275.780
83.8000	189.050	0.00000832994	275.634
83.9000	188.850	0.00000818935	275.489
84.0000	188.650	0.00000805098	275.343
84.1000	188.450	0.00000791481	275.197
84.2000	188.250	0.00000778080	275.051
84.3000	188.050	0.00000764892	274.904
84.4000	187.850	0.00000751914	274.758
84.5000	187.650	0.00000739143	274.612
84.6000	187.450	0.00000726576	274.466
84.7000	187.250	0.00000714209	274.319
84.8000	187.050	0.00000702039	274.173
84.9000	186.946	0.00000689712	274.096
85.0000	186.946	0.00000677222	274.096
85.1000	186.946	0.00000664959	274.096
85.2000	186.946	0.00000652917	274.096
85.3000	186.946	0.00000641094	274.096
85.4000	186.946	0.00000629485	274.096
85.5000	186.946	0.00000618086	274.096
85.6000	186.946	0.00000606893	274.096
85.7000	186.946	0.00000595904	274.096
85.8000	186.946	0.00000585113	274.096
85.9000	186.946	0.00000574517	274.096
86.0000	186.946	0.00000564114	274.096